Ahmet DOKGÖZ 00000001 82 63 91 94
Mustafa KURBAN 00000002 85 81 86 96
Emir KARABEY 00000003 75 92 61 77
Furkan KAHRAMAN 00000004 75 82 74 76
Ömer GÜZEL 00000005 93 94 87 78
Ahmet KARAMANOĞLU 00000006 91 82 84 81
Muhammet VARDAR 00000007 74 92 66 78
Enes KOÇER 00000008 88 73 63 64
Hayrettin ERDAL 00000009 92 98 91 93
Talha ERGÜN 00000010 88 75 63 82
ELİF ŞEN 00000011 11 15 18 20
BARIŞ KANDEMİR 00000012 20 25 35 40
ÇAĞLA ÇEVİK 00000013 45 64 86 97 
FUAT ÖZTÜRK 00000014 70 80 60 45
İREM YÜCEL 00000015 40 40 65 85
ORHAN ASLAN 00000016 90 85 60 75
MEHMET YAVUZ 00000017 95 95 80 80
BUSE ÖZDEMİR 00000018 63 48 54 73
OKTAY TAHTACI 00000019 85 45 65 75
HARUN YİĞİT 00000020 15 23 28 35
YAVUZ TEKİN 00000021 41 54 65 76
PINAR ATİK 00000022 12 24 50 48
MEHMET DEĞİRMENCİ 00000023 16 32 48 58
GONCA GÜLER 00000024 20 40 40 35
ALİ ERDOĞAN 00000025 60 55 55 45 